Class Name,Section Name,Subject id,Subject Name,username,Teacher Name,Start Time,End Time,Weekday
Class 1,,,,aadesh@gmail.com,Aadesh  Panchal,1.56 PM,4.00 PM,4
